3.636
3.556
3.546
3.541
3.554
3.55
3.541
3.537
3.545
3.549
3.555
3.553
3.577
3.559
3.556
3.548
3.536
3.543
3.529
3.532
3.532
3.533
3.538
3.512
3.526
3.519
3.531
3.547
3.533
3.527
3.548
3.568
3.54
3.526
3.527
3.519
3.538
3.531
3.528
3.531
3.513
3.53
3.522
3.526
3.527
3.53
3.54
3.543
3.534
3.542
3.522
3.544
3.528
3.535
3.525
3.56
3.552
3.524
3.531
3.522
3.541
3.526
3.518
3.544
3.529
3.53
3.525
3.532
3.53
3.522
3.535
3.527
3.541
3.544
3.514
3.533
3.529
3.54
3.535
3.532
3.535
3.536
3.535
3.524
3.536
3.518
3.521
3.533
3.536
3.542
3.538
3.533
3.527
3.532
3.538
3.547
3.536
3.526
3.528
3.541
