61.887
61.76
61.728
61.816
61.679
61.792
61.7
61.735
61.666
61.757
61.732
61.858
61.789
61.729
61.705
61.841
61.734
61.714
61.744
61.729
61.72
61.749
61.657
61.716
61.887
61.742
61.842
61.718
61.747
61.707
61.735
61.765
62.391
62.838
62.048
61.777
61.802
61.74
61.758
61.739
61.818
61.72
61.707
61.678
61.654
61.788
61.684
61.778
61.76
61.74
61.845
61.706
61.728
61.714
61.809
61.798
61.72
61.661
61.65
61.698
61.684
61.813
61.743
61.721
61.698
61.746
61.727
61.682
61.698
61.773
61.762
61.689
61.738
61.77
61.754
61.8
61.765
61.855
61.716
61.765
61.751
61.699
61.736
61.715
61.827
61.683
61.746
61.79
61.655
61.699
61.697
61.764
61.701
61.692
61.754
61.753
61.863
61.84
61.753
61.731
