25.629
25.567
25.583
25.488
25.532
25.509
25.537
25.543
25.488
25.502
25.5
25.48
25.496
25.504
25.483
25.48
25.474
25.466
25.477
25.476
25.479
25.526
25.48
25.478
25.461
25.557
25.509
25.453
25.527
25.46
25.482
25.505
25.477
25.533
25.509
25.497
25.488
25.516
25.495
25.541
25.493
25.505
25.493
25.451
25.475
25.499
25.457
25.53
25.472
25.549
25.498
25.461
25.514
25.485
25.478
25.499
25.473
25.48
25.478
25.454
25.447
25.316
25.12
25.108
25.125
25.099
25.101
25.115
25.136
25.11
25.122
25.116
25.095
25.452
25.478
25.478
25.486
25.509
25.454
25.503
25.477
25.451
25.486
25.467
25.49
25.491
25.461
25.457
25.459
25.445
25.483
25.461
25.536
25.451
25.439
25.457
25.497
25.431
25.5
25.506
