49.356
49.327
49.311
49.363
49.359
49.776
49.83
49.896
49.829
49.688
49.732
49.693
49.723
49.619
49.642
49.478
49.266
49.241
49.282
49.219
49.458
49.695
49.579
49.239
49.272
49.242
49.272
49.198
49.323
49.239
49.274
49.314
49.679
49.684
49.607
49.688
49.662
49.566
49.581
49.626
49.653
49.634
49.618
49.674
49.561
49.648
49.69
49.685
49.45
49.255
49.263
49.211
49.237
49.549
49.649
49.72
49.599
49.677
49.639
49.712
49.709
49.618
49.615
49.577
49.665
49.639
49.382
49.186
49.094
49.107
49.114
49.481
49.562
49.614
49.608
49.534
49.142
49.079
49.137
49.154
49.241
49.344
49.105
49.097
49.099
49.177
49.448
49.508
49.353
49.126
49.111
49.105
49.223
49.384
49.602
49.579
49.527
49.479
49.137
49.117
