38.432
38.25
37.863
37.343
37.369
38.283
37.493
37.371
38.134
37.914
37.289
37.482
43.994
39.654
39.008
38.446
38.173
38.34
38.121
38.216
38.145
38.153
38.25
38.149
38.153
38.128
38.053
38.225
38.133
38.193
38.245
38.158
38.098
38.158
38.146
38.056
38.205
37.881
37.703
37.409
37.263
37.271
37.255
37.288
37.332
37.272
37.266
37.273
37.335
37.323
37.329
37.327
37.361
37.317
37.748
37.634
37.68
37.678
37.673
37.702
37.654
37.355
37.313
37.368
37.445
37.375
37.337
37.661
37.675
37.739
37.713
37.705
37.823
37.721
37.727
37.727
37.68
37.597
37.553
37.338
37.395
37.4
37.333
37.378
37.359
37.68
37.687
37.674
37.678
37.78
37.762
37.708
37.687
37.723
37.692
37.59
37.627
37.667
37.566
37.62
